 Program ETGTAB, version 3.0 240810 FORTRAN 77.

 Computation of model tides from tidal potential development


 First call of routine GEOEXT, version 930418 FTN77.
 *****The component           2  has never been tested !!!
 FILE                   : ETCPOT                                                 
 Program ETGTAB, version 3.0 2408FORTRAN 77


 Gravimetric tides for Black Forest Observatory                                 
 Parameters from LaCoste Romberg G249F                                          
  120 days (8.12.1988 - 11.4.1989)                                              
                                                                                
                                                                                
                                                                                
                                                                                
                                                                                
                                                                                
                                                                                



 Wave groups and observed tidal parameters

  no. from   to ampl.fac. phase lead        ampl.  WD body 
                              [deg]

    1    1  281    1.1500    0.0000 LONG      3.2956E+01    1.0000
    2  282  424    1.1429   -0.3299 Q1        1.1716E+01    1.0000
    3  425  482    1.1464    0.0791 O1        6.1190E+01    1.0000
    4  483  530    1.1537    0.0583 M1        4.8124E+00    1.0000
    5  531  585    1.1349    0.3174 P1K1      8.6058E+01    1.0000
    6  586  626    1.1537   -0.0078 J1        4.8123E+00    1.0000
    7  627  731    1.1538   -0.0531 OO1       2.6323E+00    1.0000
    8  732  830    1.1560    2.5999 2N2       2.2226E+00    1.0000
    9  831  880    1.1761    2.5446 N2        1.3918E+01    1.0000
   10  881  936    1.1840    2.0816 M2        7.2694E+01    1.0000
   11  937  975    1.1906    0.1735 L2        2.0547E+00    1.0000
   12  976 1108    1.1865    0.6230 S2K2      3.3821E+01    1.0000
   13 1109 1190    1.0584   -0.0814 M3        3.1892E-01    1.0000
   14 1191 1200    0.5777   92.2440 M4        1.8599E-03    1.0000

 Routine GEOEXT. Execution time=     0.000 sec





 Program ETGTAB, version 3.0 2408 FORTRAN 77

 Component Vertical displcement     IN   mm     

    Date in UT


 2024 08 01 00 00 00 -7.26128E+01 -7.23691E+00  6.94936E+01  1.46189E+02  2.09878E+02  2.48887E+02
 2024 08 01 06 00 00  2.55556E+02  2.28084E+02  1.71040E+02  9.43893E+01  1.12685E+01 -6.49356E+01
 2024 08 01 12 00 00 -1.23495E+02 -1.58528E+02 -1.69941E+02 -1.62935E+02 -1.46206E+02 -1.29337E+02
 2024 08 01 18 00 00 -1.20037E+02 -1.21949E+02 -1.33588E+02 -1.48718E+02 -1.58078E+02 -1.52055E+02
 2024 08 02 00 00 00 -1.23595E+02 -7.06081E+01  2.82659E+00  8.68228E+01  1.67592E+02  2.30463E+02
 2024 08 02 06 00 00  2.63273E+02  2.59275E+02  2.18803E+02  1.49278E+02  6.35131E+01 -2.32324E+01
 2024 08 02 12 00 00 -9.67298E+01 -1.46914E+02 -1.69905E+02 -1.68446E+02 -1.50671E+02 -1.27563E+02
 2024 08 02 18 00 00 -1.09768E+02 -1.04584E+02 -1.13917E+02 -1.33724E+02 -1.55109E+02 -1.66811E+02
 2024 08 03 00 00 00 -1.58438E+02 -1.23629E+02 -6.22814E+01  1.87738E+01  1.06893E+02  1.86310E+02
 2024 08 03 06 00 00  2.41753E+02  2.62072E+02  2.42955E+02  1.88026E+02  1.08020E+02  1.82550E+01
 2024 08 03 12 00 00 -6.49676E+01 -1.28118E+02 -1.63407E+02 -1.70238E+02 -1.54816E+02 -1.28058E+02
 2024 08 03 18 00 00 -1.02362E+02 -8.81075E+01 -9.07758E+01 -1.09436E+02 -1.36996E+02 -1.62149E+02
 2024 08 04 00 00 00 -1.72535E+02 -1.58299E+02 -1.15110E+02 -4.58453E+01  3.95663E+01  1.26152E+02
 2024 08 04 06 00 00  1.97285E+02  2.38631E+02  2.41623E+02  2.05585E+02  1.37933E+02  5.24043E+01
 2024 08 04 12 00 00 -3.42523E+01 -1.06248E+02 -1.52397E+02 -1.68505E+02 -1.57929E+02 -1.30213E+02
 2024 08 04 18 00 00 -9.81942E+01 -7.43553E+01 -6.73841E+01 -7.98168E+01 -1.07371E+02 -1.40133E+02
 2024 08 05 00 00 00 -1.65287E+02 -1.70700E+02 -1.48416E+02 -9.71572E+01 -2.31538E+01  6.09773E+01
 2024 08 05 06 00 00  1.39046E+02  1.95121E+02  2.17400E+02  2.01137E+02  1.49834E+02  7.44087E+01
 2024 08 05 12 00 00 -9.47405E+00 -8.52063E+01 -1.39194E+02 -1.63958E+02 -1.59612E+02 -1.33366E+02
 2024 08 05 18 00 00 -9.72459E+01 -6.46598E+01 -4.67090E+01 -4.92144E+01 -7.12042E+01 -1.05236E+02
 2024 08 06 00 00 00 -1.39460E+02 -1.60876E+02 -1.58964E+02 -1.28723E+02 -7.23433E+01  9.70292E-01
 2024 08 06 06 00 00  7.70041E+01  1.39900E+02  1.76029E+02  1.77384E+02  1.43603E+02  8.20872E+01
 2024 08 06 12 00 00  6.18379E+00 -6.81069E+01 -1.26034E+02 -1.57600E+02 -1.59780E+02 -1.36912E+02
 2024 08 06 18 00 00 -9.91989E+01 -5.97722E+01 -3.10968E+01 -2.16622E+01 -3.38045E+01 -6.31921E+01
 2024 08 07 00 00 00 -1.00083E+02 -1.32011E+02 -1.47196E+02 -1.37816E+02 -1.02276E+02 -4.58926E+01
 2024 08 07 06 00 00  2.02144E+01  8.17644E+01  1.24836E+02  1.39366E+02  1.21715E+02  7.56306E+01
 2024 08 07 12 00 00  1.13395E+01 -5.69895E+01 -1.14758E+02 -1.50501E+02 -1.58587E+02 -1.40369E+02
 2024 08 07 18 00 00 -1.03540E+02 -5.98901E+01 -2.20996E+01 -4.12205E-01 -3.94668E-02 -1.99432E+01
 2024 08 08 00 00 00 -5.32692E+01 -8.92892E+01 -1.16331E+02 -1.24941E+02 -1.10472E+02 -7.44250E+01
 2024 08 08 06 00 00 -2.42126E+01  2.86346E+01  7.13554E+01  9.32135E+01  8.82776E+01  5.69973E+01
 2024 08 08 12 00 00  6.15203E+00 -5.28190E+01 -1.06671E+02 -1.43645E+02 -1.56331E+02 -1.43384E+02
 2024 08 08 18 00 00 -1.09653E+02 -6.47544E+01 -2.04793E+01  1.22536E+01  2.61175E+01  1.90902E+01
 2024 08 09 00 00 00 -5.23943E+00 -3.88031E+01 -7.12997E+01 -9.29654E+01 -9.71603E+01 -8.21205E+01
 2024 08 09 06 00 00 -5.14358E+01 -1.31332E+01  2.24053E+01  4.51601E+01  4.81274E+01  2.92148E+01
 2024 08 09 12 00 00 -8.12293E+00 -5.56857E+01 -1.02560E+02 -1.37848E+02 -1.53382E+02 -1.45713E+02
 2024 08 09 18 00 00 -1.16875E+02 -7.37660E+01 -2.63232E+01  1.49836E+01  4.16996E+01  4.93275E+01
 2024 08 10 00 00 00  3.82089E+01  1.31727E+01 -1.79135E+01 -4.62881E+01 -6.45833E+01 -6.86850E+01
 2024 08 10 06 00 00 -5.87115E+01 -3.88788E+01 -1.62966E+01  9.93440E-01  6.23160E+00 -4.16855E+00
 2024 08 10 12 00 00 -2.95517E+01 -6.50631E+01 -1.02798E+02 -1.33762E+02 -1.50124E+02 -1.47176E+02
 2024 08 10 18 00 00 -1.24498E+02 -8.60422E+01 -3.91440E+01  7.25271E+00  4.46874E+01  6.70625E+01
 2024 08 11 00 00 00  7.18665E+01  6.04817E+01  3.75575E+01  9.65283E+00 -1.64884E+01 -3.55977E+01
 2024 08 11 06 00 00 -4.50821E+01 -4.54910E+01 -4.01554E+01 -3.41069E+01 -3.25616E+01 -3.93594E+01
 2024 08 11 12 00 00 -5.57717E+01 -7.99922E+01 -1.07456E+02 -1.31906E+02 -1.46940E+02 -1.47615E+02
 2024 08 11 18 00 00 -1.31725E+02 -1.00392E+02 -5.78782E+01 -1.06561E+01  3.39842E+01  6.94516E+01
 2024 08 12 00 00 00  9.11307E+01  9.71478E+01  8.84937E+01  6.85306E+01  4.20400E+01  1.40582E+01
 2024 08 12 06 00 00 -1.12315E+01 -3.13065E+01 -4.56489E+01 -5.55676E+01 -6.35587E+01 -7.23766E+01
 2024 08 12 12 00 00 -8.40557E+01 -9.91422E+01 -1.16344E+02 -1.32697E+02 -1.44220E+02 -1.46878E+02
 2024 08 12 18 00 00 -1.37622E+02 -1.15234E+02 -8.07711E+01 -3.75143E+01  9.55852E+00  5.46376E+01
 2024 08 13 00 00 00  9.20900E+01  1.17403E+02  1.27888E+02  1.23024E+02  1.04418E+02  7.53924E+01
 2024 08 13 06 00 00  4.02973E+01  3.68684E+00 -3.04916E+01 -5.95267E+01 -8.22622E+01 -9.90373E+01
 2024 08 13 12 00 00 -1.11265E+02 -1.20758E+02 -1.28986E+02 -1.36453E+02 -1.42390E+02 -1.44833E+02
 2024 08 13 18 00 00 -1.41088E+02 -1.28472E+02 -1.05140E+02 -7.07956E+01 -2.71202E+01  2.22103E+01
 2024 08 14 00 00 00  7.19313E+01  1.15965E+02  1.48425E+02  1.64671E+02  1.62195E+02  1.41157E+02
 2024 08 14 06 00 00  1.04439E+02  5.71629E+01  5.74615E+00 -4.33125E+01 -8.46654E+01 -1.15068E+02
 2024 08 14 12 00 00 -1.33814E+02 -1.42552E+02 -1.44507E+02 -1.43340E+02 -1.41935E+02 -1.41452E+02
 2024 08 14 18 00 00 -1.40914E+02 -1.37445E+02 -1.27109E+02 -1.06148E+02 -7.22904E+01 -2.58071E+01
 2024 08 15 00 00 00  2.99975E+01  8.90038E+01  1.43212E+02  1.84225E+02  2.04958E+02  2.01212E+02
 2024 08 15 06 00 00  1.72708E+02  1.23330E+02  6.04534E+01 -6.51391E+00 -6.80743E+01 -1.16605E+02
 2024 08 15 12 00 00 -1.47866E+02 -1.61662E+02 -1.61493E+02 -1.53265E+02 -1.43421E+02 -1.36986E+02
 2024 08 15 18 00 00 -1.36056E+02 -1.39153E+02 -1.41628E+02 -1.37022E+02 -1.19036E+02 -8.35922E+01
 2024 08 16 00 00 00 -3.04442E+01  3.61168E+01  1.07679E+02  1.73213E+02  2.21332E+02  2.42812E+02
 2024 08 16 06 00 00  2.32756E+02  1.91870E+02  1.26504E+02  4.74024E+01 -3.25935E+01 -1.01337E+02
 2024 08 16 12 00 00 -1.50003E+02 -1.74888E+02 -1.77913E+02 -1.65696E+02 -1.47440E+02 -1.32184E+02
 2024 08 16 18 00 00 -1.26165E+02 -1.31000E+02 -1.43187E+02 -1.55078E+02 -1.57082E+02 -1.40509E+02
 2024 08 17 00 00 00 -1.00323E+02 -3.70497E+01  4.26736E+01  1.27112E+02  2.01796E+02  2.52705E+02
 2024 08 17 06 00 00  2.69496E+02  2.48008E+02  1.91393E+02  1.09565E+02  1.70639E+01 -7.01985E+01
 2024 08 17 12 00 00 -1.38510E+02 -1.79382E+02 -1.91261E+02 -1.79467E+02 -1.54389E+02 -1.28390E+02
 2024 08 17 18 00 00 -1.12247E+02 -1.12073E+02 -1.27564E+02 -1.52036E+02 -1.74282E+02 -1.81744E+02
 2024 08 18 00 00 00 -1.64176E+02 -1.16824E+02 -4.22682E+01  4.95759E+01  1.43355E+02  2.21628E+02
 2024 08 18 06 00 00  2.68863E+02  2.75118E+02  2.38482E+02  1.65666E+02  7.05622E+01 -2.89084E+01
 2024 08 18 12 00 00 -1.14912E+02 -1.73786E+02 -1.99067E+02 -1.92699E+02 -1.64104E+02 -1.27345E+02
 2024 08 18 18 00 00 -9.71140E+01 -8.46156E+01 -9.44284E+01 -1.23207E+02 -1.60577E+02 -1.91991E+02
 2024 08 19 00 00 00 -2.02809E+02 -1.82502E+02 -1.27874E+02 -4.44464E+01  5.43963E+01  1.50292E+02
 2024 08 19 06 00 00  2.24124E+02  2.60545E+02  2.51672E+02  1.99051E+02  1.13386E+02  1.20799E+01
 2024 08 19 12 00 00 -8.48305E+01 -1.59364E+02 -1.99756E+02 -2.03060E+02 -1.75509E+02 -1.30554E+02
 2024 08 19 18 00 00 -8.50630E+01 -5.46747E+01 -4.95214E+01 -7.14677E+01 -1.13601E+02 -1.62123E+02
 2024 08 20 00 00 00 -2.00132E+02 -2.12308E+02 -1.89238E+02 -1.30248E+02 -4.39923E+01  5.33664E+01
 2024 08 20 06 00 00  1.41919E+02  2.02775E+02  2.22642E+02  1.97071E+02  1.31586E+02  4.04028E+01
 2024 08 20 12 00 00 -5.69461E+01 -1.40264E+02 -1.93485E+02 -2.08428E+02 -1.86568E+02 -1.38376E+02
 2024 08 20 18 00 00 -8.03871E+01 -3.07273E+01 -4.27985E+00 -8.73877E+00 -4.26020E+01 -9.56351E+01
 2024 08 21 00 00 00 -1.51680E+02 -1.93056E+02 -2.05377E+02 -1.81515E+02 -1.23662E+02 -4.29683E+01
 2024 08 21 06 00 00  4.31292E+01  1.15200E+02  1.56626E+02  1.57709E+02  1.18075E+02  4.67863E+01
 2024 08 21 12 00 00 -3.98588E+01 -1.22273E+02 -1.82320E+02 -2.07679E+02 -1.94750E+02 -1.49390E+02
 2024 08 21 18 00 00 -8.52698E+01 -2.02763E+01  2.81369E+01  4.74471E+01  3.32411E+01 -9.75557E+00
 2024 08 22 00 00 00 -6.90606E+01 -1.27846E+02 -1.69461E+02 -1.81859E+02 -1.60767E+02 -1.10785E+02
 2024 08 22 06 00 00 -4.41692E+01  2.23612E+01  7.19184E+01  9.17493E+01  7.64540E+01  2.93382E+01
 2024 08 22 12 00 00 -3.84095E+01 -1.10484E+02 -1.69479E+02 -2.01155E+02 -1.97917E+02 -1.60653E+02
 2024 08 22 18 00 00 -9.84605E+01 -2.63487E+01  3.85329E+01  8.11705E+01  9.23846E+01  7.09985E+01
 2024 08 23 00 00 00  2.39290E+01 -3.58033E+01 -9.25933E+01 -1.32353E+02 -1.46109E+02 -1.32168E+02
 2024 08 23 06 00 00 -9.63237E+01 -5.01114E+01 -7.61449E+00  1.83088E+01  1.94003E+01 -5.86415E+00
 2024 08 23 12 00 00 -5.18848E+01 -1.07350E+02 -1.58067E+02 -1.90497E+02 -1.95124E+02 -1.68837E+02
 2024 08 23 18 00 00 -1.15752E+02 -4.62666E+01  2.54064E+01  8.46337E+01  1.19824E+02  1.25099E+02
 2024 08 24 00 00 00  1.01501E+02  5.64580E+01  1.66940E+00 -4.99925E+01 -8.77461E+01 -1.05472E+02
 2024 08 24 06 00 00 -1.02953E+02 -8.55225E+01 -6.22788E+01 -4.33914E+01 -3.72427E+01 -4.81360E+01
 2024 08 24 12 00 00 -7.51345E+01 -1.12282E+02 -1.50103E+02 -1.77992E+02 -1.86871E+02 -1.71498E+02
 2024 08 24 18 00 00 -1.31851E+02 -7.32828E+01 -5.39801E+00  6.00628E+01  1.11835E+02  1.41594E+02
 2024 08 25 00 00 00  1.45686E+02  1.25703E+02  8.78002E+01  4.09676E+01 -5.27770E+00 -4.31570E+01
 2024 08 25 06 00 00 -6.82872E+01 -8.03433E+01 -8.26224E+01 -8.06979E+01 -8.05748E+01 -8.68547E+01
 2024 08 25 12 00 00 -1.01380E+02 -1.22675E+02 -1.46277E+02 -1.65846E+02 -1.74749E+02 -1.67741E+02
 2024 08 25 18 00 00 -1.42339E+02 -9.95965E+01 -4.40763E+01  1.69406E+01  7.48605E+01  1.21467E+02
 2024 08 26 00 00 00  1.50517E+02  1.58882E+02  1.46981E+02  1.18435E+02  7.90610E+01  3.54769E+01
 2024 08 26 06 00 00 -6.31704E+00 -4.20501E+01 -6.97474E+01 -8.96760E+01 -1.03755E+02 -1.14636E+02
 2024 08 26 12 00 00 -1.24714E+02 -1.35312E+02 -1.46227E+02 -1.55697E+02 -1.60796E+02 -1.58137E+02
 2024 08 26 18 00 00 -1.44738E+02 -1.18869E+02 -8.07006E+01 -3.26046E+01  2.09886E+01  7.41695E+01
 2024 08 27 00 00 00  1.20482E+02  1.54025E+02  1.70503E+02  1.67986E+02  1.47225E+02  1.11458E+02
 2024 08 27 06 00 00  6.57526E+01  1.60416E+01 -3.19310E+01 -7.35448E+01 -1.05935E+02 -1.28219E+02
 2024 08 27 12 00 00 -1.41307E+02 -1.47352E+02 -1.48973E+02 -1.48433E+02 -1.46933E+02 -1.44221E+02
 2024 08 27 18 00 00 -1.38600E+02 -1.27381E+02 -1.07707E+02 -7.75539E+01 -3.66717E+01  1.28096E+01
 2024 08 28 00 00 00  6.63162E+01  1.17391E+02  1.58798E+02  1.83948E+02  1.88303E+02  1.70428E+02
 2024 08 28 06 00 00  1.32419E+02  7.95871E+01  1.94510E+01 -3.97267E+01 -9.05449E+01 -1.27843E+02
 2024 08 28 12 00 00 -1.49545E+02 -1.56791E+02 -1.53319E+02 -1.44263E+02 -1.34643E+02 -1.27926E+02
 2024 08 28 18 00 00 -1.25031E+02 -1.24045E+02 -1.20759E+02 -1.09936E+02 -8.69866E+01 -4.96297E+01
 2024 08 29 00 00 00  9.37557E-01  5.97163E+01  1.18588E+02  1.67889E+02  1.98517E+02  2.04060E+02
 2024 08 29 06 00 00  1.82384E+02  1.36295E+02  7.30521E+01  2.86080E+00 -6.33163E+01 -1.16097E+02
 2024 08 29 12 00 00 -1.49611E+02 -1.62553E+02 -1.58132E+02 -1.42918E+02 -1.24892E+02 -1.11187E+02
 2024 08 29 18 00 00 -1.06091E+02 -1.09848E+02 -1.18565E+02 -1.25310E+02 -1.22128E+02 -1.02467E+02
 2024 08 30 00 00 00 -6.33833E+01 -6.89179E+00  5.99431E+01  1.26273E+02  1.79815E+02  2.09720E+02
 2024 08 30 06 00 00  2.09216E+02  1.77358E+02  1.19403E+02  4.56935E+01 -3.06670E+01 -9.67925E+01
 2024 08 30 12 00 00 -1.42893E+02 -1.64350E+02 -1.62485E+02 -1.43841E+02 -1.18183E+02 -9.57279E+01
 2024 08 30 18 00 00 -8.43099E+01 -8.72257E+01 -1.02310E+02 -1.22513E+02 -1.37856E+02 -1.38275E+02
 2024 08 31 00 00 00 -1.16632E+02 -7.10632E+01 -6.03071E+00  6.82829E+01  1.38131E+02  1.89398E+02
 2024 08 31 06 00 00  2.11032E+02  1.97819E+02  1.51767E+02  8.17365E+01  1.37521E+00 -7.40961E+01
 2024 08 31 12 00 00 -1.31454E+02 -1.62485E+02 -1.65699E+02 -1.46328E+02 -1.14626E+02 -8.29474E+01
 2024 08 31 18 00 00 -6.23311E+01 -5.94962E+01 -7.50101E+01 -1.03118E+02 -1.33292E+02 -1.53127E+02



 ***** Program ETGTAB finished execution.


 Routine GEOEXT. Execution time=     0.031 sec

