 Program ETGTAB, version 3.0 240810 FORTRAN 77.

 Computation of model tides from tidal potential development


 First call of routine GEOEXT, version 930418 FTN77.
 *****The component           2  has never been tested !!!
 FILE                   : ETCPOT                                                 
 Program ETGTAB, version 3.0 2408FORTRAN 77


 Gravimetric tides for Black Forest Observatory                                 
 Parameters from LaCoste Romberg G249F                                          
  120 days (8.12.1988 - 11.4.1989)                                              
                                                                                
                                                                                
                                                                                
                                                                                
                                                                                
                                                                                
                                                                                



 Wave groups and observed tidal parameters

  no. from   to ampl.fac. phase lead        ampl.  WD body 
                              [deg]

    1    1  281    1.1500    0.0000 LONG      2.6028E+01    1.0000
    2  282  424    1.1429   -0.3299 Q1        1.1710E+01    1.0000
    3  425  482    1.1464    0.0791 O1        6.1162E+01    1.0000
    4  483  530    1.1537    0.0583 M1        4.8102E+00    1.0000
    5  531  585    1.1349    0.3174 P1K1      8.6019E+01    1.0000
    6  586  626    1.1537   -0.0078 J1        4.8101E+00    1.0000
    7  627  731    1.1538   -0.0531 OO1       2.6311E+00    1.0000
    8  732  830    1.1560    2.5999 2N2       2.3971E+00    1.0000
    9  831  880    1.1761    2.5446 N2        1.5010E+01    1.0000
   10  881  936    1.1840    2.0816 M2        7.8399E+01    1.0000
   11  937  975    1.1906    0.1735 L2        2.2160E+00    1.0000
   12  976 1108    1.1865    0.6230 S2K2      3.6475E+01    1.0000
   13 1109 1190    1.0584   -0.0814 M3        3.5713E-01    1.0000
   14 1191 1200    0.5777   92.2440 M4        2.1628E-03    1.0000

 Routine GEOEXT. Execution time=     0.000 sec





 Program ETGTAB, version 3.0 2408 FORTRAN 77

 Component Vertical displcement     IN   mm     

    Date in UT


 2024 08 01 00 00 00 -1.57153E+01  6.25918E+01  1.42945E+02  2.11651E+02  2.56000E+02  2.67228E+02
 2024 08 01 06 00 00  2.42627E+02  1.86279E+02  1.08188E+02  2.20400E+01 -5.78708E+01 -1.19787E+02
 2024 08 01 12 00 00 -1.56940E+02 -1.68721E+02 -1.60316E+02 -1.40913E+02 -1.20963E+02 -1.09196E+02
 2024 08 01 18 00 00 -1.10153E+02 -1.22887E+02 -1.41166E+02 -1.55181E+02 -1.54320E+02 -1.30330E+02
 2024 08 02 00 00 00 -8.00031E+01 -6.68005E+00  7.99146E+01  1.65518E+02  2.34453E+02  2.73258E+02
 2024 08 02 06 00 00  2.73913E+02  2.35821E+02  1.66034E+02  7.76469E+01 -1.32359E+01 -9.12039E+01
 2024 08 02 12 00 00 -1.44982E+02 -1.69766E+02 -1.67894E+02 -1.47720E+02 -1.21005E+02 -9.95306E+01
 2024 08 02 18 00 00 -9.17846E+01 -1.00600E+02 -1.22342E+02 -1.47877E+02 -1.65093E+02 -1.62332E+02
 2024 08 03 00 00 00 -1.31861E+02 -7.24475E+01  9.66997E+00  1.01736E+02  1.87181E+02  2.49426E+02
 2024 08 03 06 00 00  2.75829E+02  2.60777E+02  2.07101E+02  1.25445E+02  3.17506E+01 -5.65205E+01
 2024 08 03 12 00 00 -1.24447E+02 -1.62980E+02 -1.70724E+02 -1.53742E+02 -1.23496E+02 -9.34719E+01
 2024 08 03 18 00 00 -7.53839E+01 -7.59429E+01 -9.50138E+01 -1.25642E+02 -1.55946E+02 -1.72405E+02
 2024 08 04 00 00 00 -1.63696E+02 -1.24086E+02 -5.54724E+01  3.25120E+01  1.24412E+02  2.02453E+02
 2024 08 04 06 00 00  2.50760E+02  2.59222E+02  2.25999E+02  1.58017E+02  6.93015E+01 -2.24107E+01
 2024 08 04 12 00 00 -9.99157E+01 -1.50558E+02 -1.69001E+02 -1.58077E+02 -1.27552E+02 -9.11574E+01
 2024 08 04 18 00 00 -6.27061E+01 -5.22913E+01 -6.35598E+01 -9.27460E+01 -1.29710E+02 -1.60714E+02
 2024 08 05 00 00 00 -1.72220E+02 -1.54742E+02 -1.05735E+02 -3.07537E+01  5.74843E+01  1.41919E+02
 2024 08 05 06 00 00  2.05191E+02  2.33867E+02  2.21776E+02  1.71560E+02  9.40531E+01  5.61933E+00
 2024 08 05 12 00 00 -7.58412E+01 -1.35197E+02 -1.63589E+02 -1.60261E+02 -1.32281E+02 -9.22845E+01
 2024 08 05 18 00 00 -5.48624E+01 -3.25582E+01 -3.25087E+01 -5.45830E+01 -9.14806E+01 -1.30746E+02
 2024 08 06 00 00 00 -1.58174E+02 -1.61736E+02 -1.35008E+02 -7.92011E+01 -3.25200E+00  7.81049E+01
 2024 08 06 06 00 00  1.47821E+02  1.90701E+02  1.97191E+02  1.65788E+02  1.03453E+02  2.38881E+01
 2024 08 06 12 00 00 -5.58541E+01 -1.19559E+02 -1.55741E+02 -1.60246E+02 -1.36926E+02 -9.62551E+01
 2024 08 06 18 00 00 -5.23015E+01 -1.88739E+01 -5.85370E+00 -1.66488E+01 -4.73992E+01 -8.81090E+01
 2024 08 07 00 00 00 -1.25392E+02 -1.46117E+02 -1.41020E+02 -1.07342E+02 -4.98199E+01  2.02637E+01
 2024 08 07 06 00 00  8.77550E+01  1.37360E+02  1.57489E+02  1.43207E+02  9.75276E+01  3.06881E+01
 2024 08 07 12 00 00 -4.24033E+01 -1.05878E+02 -1.46810E+02 -1.58293E+02 -1.40919E+02 -1.02313E+02
 2024 08 07 18 00 00 -5.48919E+01 -1.24728E+01  1.33626E+01  1.62172E+01 -3.59516E+00 -3.92983E+01
 2024 08 08 00 00 00 -7.95779E+01 -1.11663E+02 -1.24772E+02 -1.13036E+02 -7.71670E+01 -2.44181E+01
 2024 08 08 06 00 00  3.31517E+01  8.16930E+01  1.09093E+02  1.08105E+02  7.82553E+01  2.60313E+01
 2024 08 08 12 00 00 -3.67234E+01 -9.57741E+01 -1.38049E+02 -1.54849E+02 -1.43886E+02 -1.09653E+02
 2024 08 08 18 00 00 -6.20615E+01 -1.37553E+01  2.31769E+01  4.02342E+01  3.45214E+01  9.27648E+00
 2024 08 09 00 00 00 -2.71794E+01 -6.37608E+01 -8.95946E+01 -9.68942E+01 -8.30073E+01 -5.11261E+01
 2024 08 09 06 00 00 -9.47813E+00  3.07988E+01  5.85607E+01  6.55941E+01  4.88195E+01  1.11783E+01
 2024 08 09 12 00 00 -3.90391E+01 -9.02535E+01 -1.30504E+02 -1.50440E+02 -1.45610E+02 -1.17479E+02
 2024 08 09 18 00 00 -7.29342E+01 -2.24423E+01  2.26159E+01  5.27417E+01  6.25350E+01  5.18032E+01
 2024 08 10 00 00 00  2.53350E+01 -8.55194E+00 -4.02819E+01 -6.15252E+01 -6.73087E+01 -5.72166E+01
 2024 08 10 06 00 00 -3.53962E+01 -9.37717E+00  1.19921E+01  2.09596E+01  1.30121E+01 -1.18202E+01
 2024 08 10 12 00 00 -4.88465E+01 -8.98250E+01 -1.25011E+02 -1.45607E+02 -1.45968E+02 -1.24998E+02
 2024 08 10 18 00 00 -8.63924E+01 -3.76929E+01  1.15629E+01  5.21041E+01  7.70226E+01  8.32003E+01
 2024 08 11 00 00 00  7.17599E+01  4.74869E+01  1.74198E+01 -1.10108E+01 -3.18249E+01 -4.18788E+01
 2024 08 11 06 00 00 -4.14743E+01 -3.40633E+01 -2.51411E+01 -2.06154E+01 -2.50744E+01 -4.04041E+01
 2024 08 11 12 00 00 -6.51240E+01 -9.46212E+01 -1.22232E+02 -1.40886E+02 -1.44890E+02 -1.31374E+02
 2024 08 11 18 00 00 -1.01053E+02 -5.81107E+01 -9.27397E+00  3.76687E+01  7.55222E+01  9.91161E+01
 2024 08 12 00 00 00  1.06201E+02  9.76463E+01  7.69594E+01  4.92744E+01  2.00867E+01 -5.97689E+00
 2024 08 12 06 00 00 -2.60811E+01 -3.96058E+01 -4.79958E+01 -5.40913E+01 -6.11154E+01 -7.15815E+01
 2024 08 12 12 00 00 -8.64051E+01 -1.04459E+02 -1.22699E+02 -1.36829E+02 -1.42347E+02 -1.35689E+02
 2024 08 12 18 00 00 -1.15192E+02 -8.16348E+01 -3.82297E+01  9.90369E+00  5.66560E+01  9.60171E+01
 2024 08 13 00 00 00  1.23107E+02  1.34953E+02  1.30886E+02  1.12510E+02  8.32726E+01  4.77425E+01
 2024 08 13 06 00 00  1.07212E+01 -2.36269E+01 -5.24591E+01 -7.46088E+01 -9.05344E+01 -1.01873E+02
 2024 08 13 12 00 00 -1.10719E+02 -1.18803E+02 -1.26815E+02 -1.34032E+02 -1.38384E+02 -1.36930E+02
 2024 08 13 18 00 00 -1.26648E+02 -1.05325E+02 -7.23442E+01 -2.91686E+01  2.05992E+01  7.16132E+01
 2024 08 14 00 00 00  1.17576E+02  1.52283E+02  1.70734E+02  1.70084E+02  1.50246E+02  1.13992E+02
 2024 08 14 06 00 00  6.64879E+01  1.43492E+01 -3.56307E+01 -7.77833E+01 -1.08603E+02 -1.27261E+02
 2024 08 14 12 00 00 -1.35453E+02 -1.36628E+02 -1.34783E+02 -1.33164E+02 -1.33218E+02 -1.34092E+02
 2024 08 14 18 00 00 -1.32817E+02 -1.25154E+02 -1.06884E+02 -7.52148E+01 -2.99450E+01  2.59282E+01
 2024 08 15 00 00 00  8.63522E+01  1.43126E+02  1.87412E+02  2.11534E+02  2.10673E+02  1.84041E+02
 2024 08 15 06 00 00  1.35245E+02  7.16791E+01  3.06826E+00 -6.05565E+01 -1.10959E+02 -1.43369E+02
 2024 08 15 12 00 00 -1.57291E+02 -1.56241E+02 -1.46460E+02 -1.34963E+02 -1.27424E+02 -1.26487E+02
 2024 08 15 18 00 00 -1.30961E+02 -1.36126E+02 -1.35085E+02 -1.20829E+02 -8.84537E+01 -3.69713E+01
 2024 08 16 00 00 00  2.97998E+01  1.03527E+02  1.72825E+02  2.25595E+02  2.51686E+02  2.45283E+02
 2024 08 16 06 00 00  2.06392E+02  1.41060E+02  6.01917E+01 -2.27754E+01 -9.48203E+01 -1.46191E+02
 2024 08 16 12 00 00 -1.72449E+02 -1.75172E+02 -1.61129E+02 -1.40129E+02 -1.22119E+02 -1.14296E+02
 2024 08 16 18 00 00 -1.19024E+02 -1.33120E+02 -1.48721E+02 -1.55511E+02 -1.43741E+02 -1.07228E+02
 2024 08 17 00 00 00 -4.55533E+01  3.51480E+01  1.23062E+02  2.03063E+02  2.60038E+02  2.82372E+02
 2024 08 17 06 00 00  2.64754E+02  2.09583E+02  1.26610E+02  3.08334E+01 -6.08576E+01 -1.33513E+02
 2024 08 17 12 00 00 -1.77465E+02 -1.90347E+02 -1.77257E+02 -1.49018E+02 -1.18973E+02 -9.91626E+01
 2024 08 17 18 00 00 -9.69105E+01 -1.12729E+02 -1.40129E+02 -1.67392E+02 -1.80859E+02 -1.68860E+02
 2024 08 18 00 00 00 -1.25244E+02 -5.15821E+01  4.25737E+01  1.41483E+02  2.26644E+02  2.81046E+02
 2024 08 18 06 00 00  2.93195E+02  2.59937E+02  1.87348E+02  8.94501E+01 -1.49706E+01 -1.06702E+02
 2024 08 18 12 00 00 -1.70540E+02 -1.98715E+02 -1.92443E+02 -1.61194E+02 -1.19845E+02 -8.44596E+01
 2024 08 18 18 00 00 -6.78020E+01 -7.57810E+01 -1.05782E+02 -1.47348E+02 -1.85043E+02 -2.02735E+02
 2024 08 19 00 00 00 -1.88183E+02 -1.36692E+02 -5.28796E+01  4.99369E+01  1.52600E+02  2.34522E+02
 2024 08 19 06 00 00  2.78560E+02  2.75152E+02  2.24684E+02  1.37508E+02  3.15619E+01 -7.18258E+01
 2024 08 19 12 00 00 -1.52955E+02 -1.98352E+02 -2.03806E+02 -1.75063E+02 -1.25994E+02 -7.46862E+01
 2024 08 19 18 00 00 -3.84728E+01 -2.92078E+01 -5.00372E+01 -9.45379E+01 -1.48462E+02 -1.93628E+02
 2024 08 20 00 00 00 -2.12922E+02 -1.95088E+02 -1.38035E+02 -4.97887E+01  5.31543E+01  1.49672E+02
 2024 08 20 06 00 00  2.19076E+02  2.46128E+02  2.24768E+02  1.59630E+02  6.49778E+01 -3.86840E+01
 2024 08 20 12 00 00 -1.29512E+02 -1.89529E+02 -2.08863E+02 -1.87947E+02 -1.37126E+02 -7.37564E+01
 2024 08 20 18 00 00 -1.75177E+01  1.48319E+01  1.39026E+01 -1.98657E+01 -7.63770E+01 -1.38644E+02
 2024 08 21 00 00 00 -1.87400E+02 -2.06333E+02 -1.86544E+02 -1.29077E+02 -4.48494E+01  4.79570E+01
 2024 08 21 06 00 00  1.28374E+02  1.77834E+02  1.84768E+02  1.47460E+02  7.44878E+01 -1.73621E+01
 2024 08 21 12 00 00 -1.07172E+02 -1.74967E+02 -2.06531E+02 -1.96798E+02 -1.50942E+02 -8.29127E+01
 2024 08 21 18 00 00 -1.17553E+01  4.33431E+01  6.80096E+01  5.63537E+01  1.23879E+01 -5.11651E+01
 2024 08 22 00 00 00 -1.16350E+02 -1.64801E+02 -1.82626E+02 -1.64060E+02 -1.12951E+02 -4.17366E+01
 2024 08 22 06 00 00  3.17967E+01  8.90865E+01  1.15518E+02  1.04105E+02  5.72326E+01 -1.39478E+01
 2024 08 22 12 00 00 -9.22845E+01 -1.58855E+02 -1.97611E+02 -1.99307E+02 -1.63736E+02 -9.97333E+01
 2024 08 22 18 00 00 -2.29253E+01  4.82024E+01  9.69363E+01  1.12479E+02  9.25379E+01  4.37081E+01
 2024 08 23 00 00 00 -2.04468E+01 -8.30669E+01 -1.28440E+02 -1.46034E+02 -1.33074E+02 -9.50282E+01
 2024 08 23 06 00 00 -4.39364E+01  4.91899E+00  3.70998E+01  4.27885E+01  1.93098E+01 -2.82014E+01
 2024 08 23 12 00 00 -8.81071E+01 -1.45187E+02 -1.84431E+02 -1.94770E+02 -1.71833E+02 -1.19072E+02
 2024 08 23 18 00 00 -4.69717E+01  2.94585E+01  9.42876E+01  1.34467E+02  1.42875E+02  1.19846E+02
 2024 08 24 00 00 00  7.27984E+01  1.41144E+01 -4.21643E+01 -8.39203E+01 -1.03892E+02 -1.01213E+02
 2024 08 24 06 00 00 -8.12219E+01 -5.36633E+01 -2.98156E+01 -1.93410E+01 -2.76689E+01 -5.45576E+01
 2024 08 24 12 00 00 -9.41512E+01 -1.36469E+02 -1.69919E+02 -1.84209E+02 -1.72936E+02 -1.35248E+02
 2024 08 24 18 00 00 -7.61865E+01 -5.62454E+00  6.39334E+01  1.20162E+02  1.53654E+02  1.59917E+02
 2024 08 25 00 00 00  1.40158E+02  1.00677E+02  5.10753E+01  1.77003E+00 -3.85253E+01 -6.47096E+01
 2024 08 25 06 00 00 -7.61411E+01 -7.62729E+01 -7.12524E+01 -6.79162E+01 -7.17360E+01 -8.52445E+01
 2024 08 25 12 00 00 -1.07309E+02 -1.33391E+02 -1.56681E+02 -1.69801E+02 -1.66661E+02 -1.44029E+02
 2024 08 25 18 00 00 -1.02462E+02 -4.63905E+01  1.66665E+01  7.75708E+01  1.27397E+02  1.59205E+02
 2024 08 26 00 00 00  1.69339E+02  1.57985E+02  1.28856E+02  8.81405E+01  4.29874E+01 -6.28835E-02
 2024 08 26 06 00 00 -3.63357E+01 -6.36879E+01 -8.24858E+01 -9.49759E+01 -1.04270E+02 -1.13236E+02
 2024 08 26 12 00 00 -1.23569E+02 -1.35246E+02 -1.46469E+02 -1.54059E+02 -1.54226E+02 -1.43512E+02
 2024 08 26 18 00 00 -1.19738E+02 -8.27332E+01 -3.47012E+01  1.98934E+01  7.49183E+01  1.23556E+02
 2024 08 27 00 00 00  1.59486E+02  1.78020E+02  1.76942E+02  1.56875E+02  1.21098E+02  7.48569E+01
 2024 08 27 06 00 00  2.43496E+01 -2.44023E+01 -6.65520E+01 -9.91076E+01 -1.21182E+02 -1.33795E+02
 2024 08 27 12 00 00 -1.39299E+02 -1.40556E+02 -1.40062E+02 -1.39191E+02 -1.37751E+02 -1.33967E+02
 2024 08 27 18 00 00 -1.24931E+02 -1.07446E+02 -7.90938E+01 -3.92517E+01  1.02149E+01  6.48177E+01
 2024 08 28 00 00 00  1.17971E+02  1.62113E+02  1.90188E+02  1.97153E+02  1.81141E+02  1.43976E+02
 2024 08 28 06 00 00  9.09189E+01  2.96677E+01 -3.11555E+01 -8.36963E+01 -1.22356E+02 -1.44743E+02
 2024 08 28 12 00 00 -1.51880E+02 -1.47623E+02 -1.37428E+02 -1.26772E+02 -1.19594E+02 -1.17167E+02
 2024 08 28 18 00 00 -1.17708E+02 -1.16857E+02 -1.08946E+02 -8.87660E+01 -5.33693E+01 -3.40775E+00
 2024 08 29 00 00 00  5.63953E+01  1.17839E+02  1.70819E+02  2.05529E+02  2.14745E+02  1.95615E+02
 2024 08 29 06 00 00  1.50483E+02  8.65221E+01  1.42394E+01 -5.47907E+01 -1.10419E+02 -1.46043E+02
 2024 08 29 12 00 00 -1.59854E+02 -1.54905E+02 -1.38006E+02 -1.17715E+02 -1.01928E+02 -9.56897E+01
 2024 08 29 18 00 00 -9.97746E+01 -1.10447E+02 -1.20486E+02 -1.21244E+02 -1.05242E+02 -6.85944E+01
 2024 08 30 00 00 00 -1.26076E+01  5.59320E+01  1.25933E+02  1.84392E+02  2.19424E+02  2.23163E+02
 2024 08 30 06 00 00  1.93779E+02  1.36071E+02  6.04670E+01 -1.93329E+01 -8.94878E+01 -1.39142E+02
 2024 08 30 12 00 00 -1.62773E+02 -1.61192E+02 -1.40956E+02 -1.12363E+02 -8.65459E+01 -7.23990E+01
 2024 08 30 18 00 00 -7.41398E+01 -9.01324E+01 -1.13306E+02 -1.33088E+02 -1.38384E+02 -1.20833E+02
 2024 08 31 00 00 00 -7.74743E+01 -1.20876E+01  6.52197E+01  1.40128E+02  1.97431E+02  2.24734E+02
 2024 08 31 06 00 00  2.15563E+02  1.71071E+02  9.98730E+01  1.60495E+01 -6.41938E+01 -1.26351E+02
 2024 08 31 12 00 00 -1.60961E+02 -1.65645E+02 -1.45325E+02 -1.10609E+02 -7.47678E+01 -5.00824E+01
 2024 08 31 18 00 00 -4.45113E+01 -5.95286E+01 -8.97020E+01 -1.24140E+02 -1.49460E+02 -1.53519E+02



 ***** Program ETGTAB finished execution.


 Routine GEOEXT. Execution time=     0.047 sec

